last_train: 1760269520.599661
last_download: 1761546426.3054929
last_check: 1761546426.227914
